5596.820763
5860.557593
6169.389668
6480.420073
6801.072159
7145.748097
7494.295679
7778.723981
8017.170870
8319.659431
8684.766062
8947.613229
9156.920605
9347.529200
9599.415221
9928.921142
10396.887577
10925.795946
11480.489548
12004.682629
12543.613765
13208.387350
13833.320705
14537.629295
15128.227096
15761.449066
15926.644423
16515.907483
17133.389368
17615.494030
18354.497629
18704.582198
19342.767076
19885.506176
20201.685502
20488.424952
20764.417371
20871.062078
20930.080559
20861.103531
20921.715158
21276.754964
21704.609143
21916.055630
21963.074177
21869.324765
21582.825462
21361.367098
20995.778369
20625.897685
20201.177937
19753.567086
19523.253227
19241.033020
18971.104339
18663.590204
18482.978237
18185.692279
17827.042766
17546.992297
17293.951661
17114.464014
16953.563391
16765.475098
16579.510313
16412.767170
16222.407524
15955.104523
15786.800277
15594.433489
15350.593936
15129.763424
14984.366460
14859.120212
14602.276512
14463.333345
14313.914814
14194.981861
14068.075901
13931.001433
13732.739473
13628.638677
13422.195153
13351.942537
13270.300784
13150.368347
13043.482777
12925.245251
12858.950864
12799.238606
12651.942153
12627.647948
12540.044208
12517.872454
12367.714601
12350.027489
12306.116883
12282.712556
12181.996141
12084.256543
12033.321988
11995.099598
11954.949494
11873.079942
11807.172492
11749.754177
11715.938120
11619.347491
11583.539829
11509.666897
11457.968864
11376.616079
11277.713352
11195.893641
11046.031764
10972.816169
10905.029968
10873.502693
10856.021091
10838.168097
10824.127684
10779.967160
10779.785061
10743.301842
10744.072062
10761.253823
10751.356015
10689.020590
10662.818033
10623.974215
10568.994793
10590.347221
10564.255647
10641.076160
10690.439589
10703.187928
10774.409764
10844.775223
10858.960097
10848.934736
10830.378028
10822.289181
10817.224969
10881.946446
10838.865860
10882.126150
10878.984091
10884.518823
10863.745353
10845.047367
10834.466922
10841.722505
10832.559771
10827.195147
10838.618058
10902.283914
10915.161098
10889.719428
10914.538906
11022.557038
11184.353149
11124.475573
11215.626827
11269.522971
11247.059067
11310.030503
11363.030631
11356.146969
11399.503295
11441.115566
11401.784811
11386.051667
11403.447791
11378.215029
11367.991485
11351.835434
11369.861427
11315.254247
11275.848821
11257.903551
11168.297659
11124.974909
11039.056109
10947.766886
10864.281133
10720.008980
10599.427080
10497.214479
10311.105656
10185.990015
10090.042864
9970.728767
9810.010326
9720.165666
9615.324368
9471.438034
9383.648310
9288.952354
9105.561867
8973.946661
8847.721222
8783.383868
8669.108081
8550.123062
8426.157130
8355.900835
8272.076865
8236.142710
8265.668946
8380.565658
8392.999979
8381.710108
8369.162720
8315.363118
8311.936526
8268.799947
8238.791561
8213.316488
8155.146787
8105.786074
8054.904698
8006.906423
7988.174314
7967.200961
7934.788796
7889.109313
7855.569371
7848.148158
7790.036563
7746.276765
7736.449664
7715.221508
7691.886376
7680.023062
7614.209686
7604.186875
7548.666671
7524.584096
7503.450203
7476.058156
7437.771577
7406.676664
7373.181545
7346.818077
7282.708451
7309.459718
7242.931911
7233.802864
7191.251910
7157.519391
7160.070831
7138.099510
7140.062971
7160.818089
7146.467738
7143.627744
7118.889774
7060.815046
7071.899799
7083.647951
7069.710129
7079.279311
7065.922300
7001.474107
6987.462686
6944.372110
6931.815818
6897.649263
6909.573948
6836.630093
6851.350538
6781.754852
6771.909988
6762.116086
6757.537804
6763.770833
6765.962702
6733.990232
6732.294100
6718.632244
6685.614274
6630.382131
6627.956993
6589.034457
6595.073948
6500.505272
6484.342775
6512.156902
6476.751891
6414.659147
6388.213089
6418.335263
6326.208513
6320.528407
6312.486134
6272.131816
6209.594900
6159.773533
6092.641894
6134.787282
6118.308491
6130.998797
6064.662053
6029.897928
6094.744860
6064.185412
6082.045936
6039.665831
6064.910253
6065.152479
6036.910229
6063.402929
6054.633343
6013.393832
6013.129851
6023.273141
6017.854761
5949.702747
5934.794468
6032.819776
6034.157344
6028.870196
5999.284536
5970.190570
5986.012576
6037.733043
6024.772895
6048.201061
6061.024840
6054.852654
6026.268301
6050.768605
6077.172027
6104.956419
6125.233647
6108.486598
6127.549143
6139.874185
6112.624630
6117.153681
6239.632976
6225.797140
6227.132771
6204.201925
6254.681533
6282.471632
6325.453494
6329.612670
6393.312871
6412.431006
6461.024718
6502.651799
6525.327782
6578.763014
6629.610535
6638.922470
6678.025903
6737.115597
6730.364995
6759.167236
6797.877710
6872.720805
6949.400756
7067.116299
7132.067206
7202.208831
7173.605431
7170.003716
7199.422999
7269.847459
7332.899623
7386.232578
7469.077313
7480.602867
7485.797494
7506.609006
7509.916860
7540.924851
7619.450428
7759.777689
7931.839784
7989.376322
8049.374679
8038.397962
8133.874300
8162.800593
8188.437034
8215.574013
8279.432643
8334.256272
8372.547697
8351.667894
8413.490098
8475.154365
8474.619960
8490.981932
8497.498269
8498.320510
8541.815689
8519.109624
8541.862776
8503.967252
8448.972233
8472.730594
8575.716584
8558.745222
8531.691071
8609.229197
8667.144245
8698.949751
8727.645720
8780.349771
8812.347408
8864.804988
8857.463172
8965.024439
8963.110419
9050.273955
9113.375008
9134.136476
9139.274861
9147.560374
9204.409561
9230.746764
9247.600465
9386.762084
9395.210094
9358.289288
9355.192172
9437.661327
9404.015699
9441.117652
9524.925862
9539.484963
9532.523950
9529.826742
9536.630357
9565.755416
9534.687149
9550.919572
9591.794617
9633.815810
9671.048783
9775.006560
9798.467982
9766.156192
9810.700396
9873.977382
9871.747841
9918.928530
9926.084110
